[Variables]
nozzle_expansion_applied_offset = 0.02112499999977907
nozzle_expansion_coefficient = 0.04062499999957514

