[Variables]
nozzle_expansion_applied_offset = 0.03737499999960913
nozzle_expansion_coefficient = 0.04062499999957514

