[Variables]
nozzle_expansion_applied_offset = 0.016249999999830057
nozzle_expansion_coefficient = 0.04062499999957514

