[Variables]
nozzle_expansion_applied_offset = 0.02274999999976208
nozzle_expansion_coefficient = 0.04062499999957514

